# oST version 5.0 parameters


[image]

width
1280

height
960

[narrow_stereo]

camera matrix
1434.726957 0.000000 680.267459
0.000000 1430.211124 498.585618
0.000000 0.000000 1.000000

distortion
0.002486 -0.047093 0.000792 -0.003645 0.000000

rectification
1.000000 0.000000 0.000000
0.000000 1.000000 0.000000
0.000000 0.000000 1.000000

projection
1432.407715 0.000000 676.845340 0.000000
0.000000 1429.779907 498.578424 0.000000
0.000000 0.000000 1.000000 0.000000

