# oST version 5.0 parameters


[image]

width
1920

height
1080

[narrow_stereo]

camera matrix
1365.056805 0.000000 894.734799
0.000000 1363.698338 541.885620
0.000000 0.000000 1.000000

distortion
-0.047632 0.055181 -0.000632 -0.006943 0.000000

rectification
1.000000 0.000000 0.000000
0.000000 1.000000 0.000000
0.000000 0.000000 1.000000

projection
1352.612671 0.000000 880.675844 0.000000
0.000000 1362.441162 540.614151 0.000000
0.000000 0.000000 1.000000 0.000000

