# oST version 5.0 parameters


[image]

width
640

height
480

[narrow_stereo]

camera matrix
817.175791 0.000000 365.974952
0.000000 817.315462 253.476682
0.000000 0.000000 1.000000

distortion
-0.018574 0.008645 -0.000417 0.000898 0.000000

rectification
1.000000 0.000000 0.000000
0.000000 1.000000 0.000000
0.000000 0.000000 1.000000

projection
813.372742 0.000000 365.958335 0.000000
0.000000 814.415100 252.899574 0.000000
0.000000 0.000000 1.000000 0.000000

